.Random.seed <-
c(403L, 10L, -814609046L, -99942388L, 1750530127L, 2098884869L, 
-681326148L, 445652114L, -1042585715L, -31793209L, 1215677614L, 
489448712L, 1155846923L, 1304608233L, -1840837960L, 1109495142L, 
-1702033919L, -1933348717L, -1090385086L, 1321190644L, 2051092727L, 
-1076631315L, 1575537540L, -1324726870L, -1898357995L, 353601967L, 
-227505738L, 808644576L, 843317027L, 206123073L, 609053488L, 
319430990L, -652028999L, -550828597L, 1344222842L, 290257788L, 
381887L, -2005730155L, -1199013204L, -992305022L, -1858260899L, 
-1780349097L, 600521278L, 1389350520L, 1769696603L, 1174691001L, 
-1793116920L, -1393641546L, 1621712113L, -773620957L, 2142043506L, 
268556228L, 2104505223L, -1814797987L, -1332175020L, -572103302L, 
36806853L, 1435230751L, 1808065958L, -1364244688L, -101069357L, 
1711946737L, 442563872L, -2129798210L, 2104120265L, -931355781L, 
-1769750198L, -1066250836L, 1674573999L, -98287003L, 1386117660L, 
-1143147406L, 2028153581L, -315902169L, -772246706L, -1512571992L, 
1233387435L, 718638281L, 1167629528L, 1223844230L, -1743243167L, 
2125412851L, 83355746L, -2000576812L, -1100068905L, -18410035L, 
-1566510748L, 83604810L, -1122782027L, -769010673L, -774001386L, 
-1339271232L, -1217592445L, -1971326559L, 750378384L, 1611001454L, 
-4761575L, -1790475093L, -2135877478L, -245282724L, -1540618913L, 
-883667147L, 679903948L, -869973982L, -1913386371L, -145907849L, 
220254366L, 1040633688L, -724264261L, 1478059097L, 1974894568L, 
-1073534442L, 196291985L, 1670592067L, 340165970L, 1494100452L, 
666732583L, -2015538051L, -970991244L, -1720838822L, 1145856933L, 
1234768831L, 657416262L, 47050448L, -980133645L, -409965039L, 
1719547968L, 262089758L, -469267735L, 566472731L, -1092945878L, 
1876945740L, 967166223L, -1628750779L, 529448444L, -211506094L, 
1366994381L, -1957187705L, -805008786L, 522218056L, 479329355L, 
1444896169L, 1397707000L, 476271654L, 1421776193L, -1431575853L, 
-348542334L, -484847436L, -1298022345L, -78261459L, -35780540L, 
-197692054L, 537453013L, -2143987857L, 777916022L, -746978912L, 
-1693694365L, -39985407L, -824119696L, 1232390670L, -164314503L, 
1724567051L, -506306758L, 1693083196L, 671190399L, 1517575893L, 
-1366855956L, 500392002L, 121669533L, -1307372009L, 1043934078L, 
-1914492616L, -1699330533L, 1200555897L, -401899064L, -992485898L, 
851607601L, -2064962973L, 945976882L, -646364284L, 200335815L, 
471140509L, 933003284L, 1260820154L, -1636595963L, 1868293343L, 
1244513638L, -953880336L, -58231789L, 2095774129L, -747334560L, 
-1102929410L, -864574071L, -1476271429L, -1226830198L, -2077562516L, 
218500847L, 1823234341L, -2142775332L, -958859854L, -560798547L, 
-768310169L, 733379470L, -1938301848L, 1625872491L, -932560375L, 
-51409768L, -529334330L, -2145725663L, 1260912563L, 1647515426L, 
-1884313324L, -852072041L, 412006797L, 203956388L, -283649398L, 
1411977461L, 2117941071L, 282931286L, -1145545984L, -1294127549L, 
-1981000223L, -761921200L, -1731438674L, 371174745L, -502006933L, 
-440730918L, 1444240284L, 666601375L, 665467008L, -973544620L, 
-1922118168L, 1375735546L, 1591479120L, 1064733740L, 1198152052L, 
-537946478L, -1106805152L, 476190348L, -1495771296L, 1240294114L, 
1828425896L, 509861068L, 1399763452L, -1905227854L, 583018992L, 
1017877956L, -1864502440L, -1258401926L, -1471634000L, -2072134212L, 
923872340L, 1496510402L, 1680324384L, 1211810748L, -563904944L, 
19610082L, -958126744L, 1780946252L, 1223875836L, -1983003918L, 
-550245632L, 1395543668L, -129418232L, -193738310L, 811191248L, 
-1845029396L, 253452180L, -720285998L, -573494688L, 1314739532L, 
-1643630304L, 1994458754L, 1802421736L, -394945556L, -2072184260L, 
-1948293518L, -900342928L, 150821156L, -2144908744L, -1801795174L, 
1757834704L, -1473565252L, -773700460L, 2096599170L, -807758400L, 
-49019076L, 1875875984L, 1789487906L, -102948344L, -386113268L, 
-1277335140L, -2138449390L, 313458560L, -852684012L, -1860077272L, 
-217333702L, -861932592L, -394213780L, -1063898572L, -1241131374L, 
1212132704L, -1200070324L, -605301792L, 1244717474L, -1222499928L, 
1560559244L, 959911356L, 689660530L, -496202768L, -1230423484L, 
164749400L, -1292217286L, 169221232L, 1493451836L, 313941268L, 
-1108131134L, 1247098592L, -1647215492L, 886383312L, -500514398L, 
-1172573144L, 785086220L, 1411589564L, -566376654L, 810962624L, 
-617306060L, 515198664L, -341497670L, -89193840L, -2052372756L, 
924668500L, -1426125166L, -10218208L, 1033354700L, 2097311456L, 
2011528386L, -33268696L, -1946369108L, -700643652L, 842762226L, 
-343707088L, 1607121828L, -945592904L, -1321719974L, 1353341072L, 
-1101666436L, -1254750956L, 1189003586L, -1961878272L, 41157052L, 
702930256L, -925644510L, -794037688L, 1106312204L, 807645788L, 
2042795474L, 172834304L, 929943892L, -311507736L, -310781702L, 
-528756016L, -1896112340L, -370819852L, -1327729262L, 1781107040L, 
470042636L, -26629920L, 1240073826L, -492228440L, 1677760588L, 
-2013251716L, -837878478L, 1753804400L, -1352300732L, 206629848L, 
-240717958L, 1073218608L, -728088644L, -77096364L, -1109036990L, 
-812706144L, -1465414980L, 2039490512L, -1415091870L, 692210408L, 
1828033740L, 370592252L, 1222431218L, 1602932864L, 1762266612L, 
-587314552L, 1294706490L, 1727306064L, 1416157292L, -711793260L, 
-539677614L, -1782140448L, -894402356L, 1143638688L, 1595027842L, 
1504310504L, -2045125908L, -675794628L, -136409998L, -1071702416L, 
-964512220L, -1893433288L, 1837602074L, -1350881072L, 609840444L, 
1135808404L, 405043074L, -1406873664L, -1032384964L, 594583952L, 
82617378L, 1192247560L, -1729239924L, 1932292892L, -1153118062L, 
1274446208L, -244933612L, -777545944L, 604569146L, 909771216L, 
-1730715284L, 1987915700L, -1587988974L, -1042148384L, -1115957812L, 
-718969632L, -1344935902L, 1605193512L, -929536500L, 1583614780L, 
1858190322L, -1272491280L, -2013216188L, 1862608472L, 1652633402L, 
-1963365392L, -1577591108L, -2131641068L, 1079976130L, -1902541728L, 
-2102324868L, 73494480L, -593573598L, 1344200360L, -1570122868L, 
-311061316L, -251025614L, 1133982272L, 645336244L, -1427643320L, 
235328719L, 255356360L, -844626842L, -873389421L, 1330792949L, 
-1400077358L, 1347622944L, 77181449L, -1087386821L, -1320976756L, 
-1732390118L, -207972977L, 1203333849L, -2103433874L, 1399589116L, 
1240142445L, 997592599L, -1687647264L, -551249986L, 877495691L, 
-221571571L, 1109494330L, 1610105464L, -880072159L, 1902953683L, 
-2022685708L, -25992062L, -1053315817L, -1178223647L, -1834070746L, 
1585237028L, 1202915029L, -571006337L, -1251396840L, -163288522L, 
1765166275L, 1667899653L, 1700493474L, 165416592L, 296020537L, 
-478842133L, -1913580580L, -1293748726L, -996071169L, 1555631433L, 
81919710L, -1088609140L, 914986077L, -1584952729L, -950668400L, 
-639674450L, 257177179L, 1899366973L, 328522922L, -1929237176L, 
-888155791L, -1954122013L, 2098273764L, 1146392850L, -1484395289L, 
-683943247L, 1941651702L, -957953260L, 319513637L, 1352057135L, 
885896936L, -1456585786L, 1327314547L, -2047518507L, 295125682L, 
-2110518656L, 2121394793L, 398540507L, 23534124L, -271732166L, 
-994689809L, -1324183687L, -660532210L, 454019548L, -687175091L, 
-1814259273L, 580040512L, 1675218462L, 719223019L, 1520576621L, 
-82001702L, 7102616L, 1335138049L, 1596447923L, 1776752596L, 
858223330L, 7123831L, -2048024895L, -1855343034L, 1542728068L, 
1614731061L, 201655583L, 391187576L, 407714134L, 403003363L, 
-1315864155L, 1817064514L, 1957210672L, 1565475417L, -1268288565L, 
-2143202244L, 348535402L, -1847494497L, -1461849815L, 367912382L, 
-993086292L, -1804381699L, -115861177L, -1331490256L, -1795755186L, 
1125840763L, 1215381725L, 950405386L, -1946883032L, -822173551L, 
-1438018429L, -1857194620L, 1545876402L, 1167375623L, -2056255663L, 
-1185495338L, 1877999540L, -994242619L, 556584719L, -908087928L, 
-1248081754L, 240760915L, -708795979L, 1756342034L, -787796768L, 
1840947529L, 1633115003L, -1302829492L, -2028390438L, -2036480561L, 
-755502183L, -1275796562L, -1442944836L, 1414078765L, 1936241367L, 
